# indexed palette animation
size 256 224
indices ballistic_splash_indices.bin
palette_count 15
frame 4 0 0 0 0 0 0 0 0 0 0 0 0 0 0 0 0 0 0 0 0 0 0 0 0 0 0 0 0 0 0 0 0 0 0 0 0 0 0 0 0 0 0 0 0 0
frame 4 0 0 0 107 222 0 0 214 0 0 222 82 0 231 181 0 189 239 0 90 247 0 0 255 123 0 255 255 0 255 255 0 123 255 0 0 247 0 132 255 0 255 255 0 173
frame 4 0 0 0 0 214 0 0 222 82 0 231 181 0 189 239 0 90 247 0 0 255 123 0 255 255 0 255 255 0 123 255 0 0 255 0 0 247 0 132 255 0 255 255 0 173
frame 4 0 0 0 0 222 82 0 231 181 0 189 239 0 90 247 0 0 255 123 0 255 255 0 255 255 0 123 255 0 0 255 0 0 247 115 0 247 0 132 255 0 255 255 0 173
frame 4 0 0 0 0 231 181 0 189 239 0 90 247 0 0 255 123 0 255 255 0 255 255 0 123 255 0 0 255 0 0 247 115 0 239 239 0 247 0 132 255 0 255 255 0 173
frame 4 0 0 0 0 189 239 0 90 247 0 0 255 123 0 255 255 0 255 255 0 123 255 0 0 255 0 0 247 115 0 239 239 0 107 222 0 247 0 132 255 0 255 255 0 173
frame 4 0 0 0 0 90 247 0 0 255 123 0 255 255 0 255 255 0 123 255 0 0 255 0 0 247 115 0 239 239 0 107 222 0 0 214 0 247 0 132 255 0 255 255 0 173
frame 4 0 0 0 0 0 255 123 0 255 255 0 255 255 0 123 255 0 0 255 0 0 247 115 0 239 239 0 107 222 0 0 214 0 0 222 82 247 0 132 255 0 255 255 0 173
frame 4 0 0 0 123 0 255 255 0 255 255 0 123 255 0 0 255 0 0 247 115 0 239 239 0 107 222 0 0 214 0 0 222 82 0 231 181 247 0 132 255 0 255 255 0 173
frame 4 0 0 0 255 0 255 255 0 123 255 0 0 255 0 0 247 115 0 239 239 0 107 222 0 0 214 0 0 222 82 0 231 181 0 189 239 247 0 132 255 0 255 255 0 173
frame 4 0 0 0 255 0 123 255 0 0 255 0 0 247 115 0 239 239 0 107 222 0 0 214 0 0 222 82 0 231 181 0 189 239 0 90 247 247 0 132 255 0 255 255 0 173
frame 4 0 0 0 255 0 0 255 0 0 247 115 0 239 239 0 107 222 0 0 214 0 0 222 82 0 231 181 0 189 239 0 90 247 0 0 255 247 0 132 255 0 255 255 0 173
frame 4 0 0 0 255 0 0 247 115 0 239 239 0 107 222 0 0 214 0 0 222 82 0 231 181 0 189 239 0 90 247 0 0 255 123 0 255 247 0 132 255 0 255 255 0 173
frame 4 0 0 0 247 115 0 239 239 0 107 222 0 0 214 0 0 222 82 0 231 181 0 189 239 0 90 247 0 0 255 123 0 255 255 0 255 247 0 132 255 0 255 255 0 173
frame 4 0 0 0 239 239 0 107 222 0 0 214 0 0 222 82 0 231 181 0 189 239 0 90 247 0 0 255 123 0 255 255 0 255 255 0 123 247 0 132 255 0 255 255 0 173
frame 4 0 0 0 107 222 0 0 214 0 0 222 82 0 231 181 0 189 239 0 90 247 0 0 255 123 0 255 255 0 255 255 0 123 255 0 0 247 0 132 255 0 255 255 0 173
frame 4 0 0 0 0 214 0 0 222 82 0 231 181 0 189 239 0 90 247 0 0 255 123 0 255 255 0 255 255 0 123 255 0 0 255 0 0 247 0 132 255 0 255 255 0 173
frame 4 0 0 0 0 222 82 0 231 181 0 189 239 0 90 247 0 0 255 123 0 255 255 0 255 255 0 123 255 0 0 255 0 0 247 115 0 247 0 132 255 0 255 255 0 173
frame 4 0 0 0 0 231 181 0 189 239 0 90 247 0 0 255 123 0 255 255 0 255 255 0 123 255 0 0 255 0 0 247 115 0 239 239 0 247 0 132 255 0 255 255 0 173
frame 4 0 0 0 0 189 239 0 90 247 0 0 255 123 0 255 255 0 255 255 0 123 255 0 0 255 0 0 247 115 0 239 239 0 107 222 0 247 0 132 255 0 255 255 0 173
frame 4 0 0 0 0 90 247 0 0 255 123 0 255 255 0 255 255 0 123 255 0 0 255 0 0 247 115 0 239 239 0 107 222 0 0 214 0 247 0 132 255 0 255 255 0 173
frame 4 0 0 0 0 0 255 123 0 255 255 0 255 255 0 123 255 0 0 255 0 0 247 115 0 239 239 0 107 222 0 0 214 0 0 222 82 247 0 132 255 0 255 255 0 173
frame 4 0 0 0 123 0 255 255 0 255 255 0 123 255 0 0 255 0 0 247 115 0 239 239 0 107 222 0 0 214 0 0 222 82 0 231 181 247 0 132 255 0 255 255 0 173
frame 4 0 0 0 255 0 255 255 0 123 255 0 0 255 0 0 247 115 0 239 239 0 107 222 0 0 214 0 0 222 82 0 231 181 0 189 239 247 0 132 255 0 255 255 0 173
frame 4 0 0 0 255 0 123 255 0 0 255 0 0 247 115 0 239 239 0 107 222 0 0 214 0 0 222 82 0 231 181 0 189 239 0 90 247 247 0 132 255 0 255 255 0 173
frame 4 0 0 0 255 0 0 255 0 0 247 115 0 239 239 0 107 222 0 0 214 0 0 222 82 0 231 181 0 189 239 0 90 247 0 0 255 247 0 132 255 0 255 255 0 173
frame 4 0 0 0 255 0 0 247 115 0 239 239 0 107 222 0 0 214 0 0 222 82 0 231 181 0 189 239 0 90 247 0 0 255 123 0 255 247 0 132 255 0 255 255 0 173
frame 4 0 0 0 247 115 0 239 239 0 107 222 0 0 214 0 0 222 82 0 231 181 0 189 239 0 90 247 0 0 255 123 0 255 255 0 255 247 0 132 255 0 255 255 0 173
frame 4 0 0 0 239 239 0 107 222 0 0 214 0 0 222 82 0 231 181 0 189 239 0 90 247 0 0 255 123 0 255 255 0 255 255 0 123 247 0 132 255 0 255 255 0 173
frame 4 0 0 0 107 222 0 0 214 0 0 222 82 0 231 181 0 189 239 0 90 247 0 0 255 123 0 255 255 0 255 255 0 123 255 0 0 247 0 132 255 0 255 255 0 173
frame 4 0 0 0 0 214 0 0 222 82 0 231 181 0 189 239 0 90 247 0 0 255 123 0 255 255 0 255 255 0 123 255 0 0 255 0 0 247 0 132 255 0 255 255 0 173
frame 4 0 0 0 0 222 82 0 231 181 0 189 239 0 90 247 0 0 255 123 0 255 255 0 255 255 0 123 255 0 0 255 0 0 247 115 0 247 0 132 255 0 255 255 0 173
frame 4 0 0 0 0 231 181 0 189 239 0 90 247 0 0 255 123 0 255 255 0 255 255 0 123 255 0 0 255 0 0 247 115 0 239 239 0 247 0 132 255 0 255 255 0 173
frame 4 0 0 0 0 189 239 0 90 247 0 0 255 123 0 255 255 0 255 255 0 123 255 0 0 255 0 0 247 115 0 239 239 0 107 222 0 247 0 132 255 0 255 255 0 173
frame 4 0 0 0 0 90 247 0 0 255 123 0 255 255 0 255 255 0 123 255 0 0 255 0 0 247 115 0 239 239 0 107 222 0 0 214 0 247 0 132 255 0 255 255 0 173
frame 4 0 0 0 0 0 255 123 0 255 255 0 255 255 0 123 255 0 0 255 0 0 247 115 0 239 239 0 107 222 0 0 214 0 0 222 82 247 0 132 255 0 255 255 0 173
frame 4 0 0 0 123 0 255 255 0 255 255 0 123 255 0 0 255 0 0 247 115 0 239 239 0 107 222 0 0 214 0 0 222 82 0 231 181 247 0 132 255 0 255 255 0 173
frame 4 0 0 0 255 0 255 255 0 123 255 0 0 255 0 0 247 115 0 239 239 0 107 222 0 0 214 0 0 222 82 0 231 181 0 189 239 247 0 132 255 0 255 255 0 173
frame 4 0 0 0 255 0 123 255 0 0 255 0 0 247 115 0 239 239 0 107 222 0 0 214 0 0 222 82 0 231 181 0 189 239 0 90 247 247 0 132 255 0 255 255 0 173
frame 4 0 0 0 255 0 0 255 0 0 247 115 0 239 239 0 107 222 0 0 214 0 0 222 82 0 231 181 0 189 239 0 90 247 0 0 255 247 0 132 255 0 255 255 0 173
frame 4 0 0 0 255 0 0 247 115 0 239 239 0 107 222 0 0 214 0 0 222 82 0 231 181 0 189 239 0 90 247 0 0 255 123 0 255 247 0 132 255 0 255 255 0 173
frame 4 0 0 0 247 115 0 239 239 0 107 222 0 0 214 0 0 222 82 0 231 181 0 189 239 0 90 247 0 0 255 123 0 255 255 0 255 247 0 132 255 0 255 255 0 173
frame 4 0 0 0 239 239 0 107 222 0 0 214 0 0 222 82 0 231 181 0 189 239 0 90 247 0 0 255 123 0 255 255 0 255 255 0 123 247 0 132 255 0 255 255 0 173
frame 4 0 0 0 107 222 0 0 214 0 0 222 82 0 231 181 0 189 239 0 90 247 0 0 255 123 0 255 255 0 255 255 0 123 255 0 0 247 0 132 255 0 255 255 0 173
frame 4 0 0 0 0 214 0 0 222 82 0 231 181 0 189 239 0 90 247 0 0 255 123 0 255 255 0 255 255 0 123 255 0 0 255 0 0 247 0 132 255 0 255 255 0 173
frame 4 0 0 0 0 222 82 0 231 181 0 189 239 0 90 247 0 0 255 123 0 255 255 0 255 255 0 123 255 0 0 255 0 0 247 115 0 247 0 132 255 0 255 255 0 173
frame 4 0 0 0 0 231 181 0 189 239 0 90 247 0 0 255 123 0 255 255 0 255 255 0 123 255 0 0 255 0 0 247 115 0 239 239 0 247 0 132 255 0 255 255 0 173
frame 4 0 0 0 0 189 239 0 90 247 0 0 255 123 0 255 255 0 255 255 0 123 255 0 0 255 0 0 247 115 0 239 239 0 107 222 0 247 0 132 255 0 255 255 0 173
frame 4 0 0 0 0 90 247 0 0 255 123 0 255 255 0 255 255 0 123 255 0 0 255 0 0 247 115 0 239 239 0 107 222 0 0 214 0 247 0 132 255 0 255 255 0 173
frame 4 0 0 0 0 0 255 123 0 255 255 0 255 255 0 123 255 0 0 255 0 0 247 115 0 239 239 0 107 222 0 0 214 0 0 222 82 247 0 132 255 0 255 255 0 173
frame 4 0 0 0 123 0 255 255 0 255 255 0 123 255 0 0 255 0 0 247 115 0 239 239 0 107 222 0 0 214 0 0 222 82 0 231 181 247 0 132 255 0 255 255 0 173
frame 4 0 0 0 255 0 255 255 0 123 255 0 0 255 0 0 247 115 0 239 239 0 107 222 0 0 214 0 0 222 82 0 231 181 0 189 239 247 0 132 255 0 255 255 0 173
frame 4 0 0 0 255 0 123 255 0 0 255 0 0 247 115 0 239 239 0 107 222 0 0 214 0 0 222 82 0 231 181 0 189 239 0 90 247 247 0 132 255 0 255 255 0 173
frame 4 0 0 0 255 0 0 255 0 0 247 115 0 239 239 0 107 222 0 0 214 0 0 222 82 0 231 181 0 189 239 0 90 247 0 0 255 247 0 132 255 0 255 255 0 173
frame 4 0 0 0 255 0 0 247 115 0 239 239 0 107 222 0 0 214 0 0 222 82 0 231 181 0 189 239 0 90 247 0 0 255 123 0 255 247 0 132 255 0 255 255 0 173
frame 4 0 0 0 247 115 0 239 239 0 107 222 0 0 214 0 0 222 82 0 231 181 0 189 239 0 90 247 0 0 255 123 0 255 255 0 255 247 0 132 255 0 255 255 0 173
frame 4 0 0 0 239 239 0 107 222 0 0 214 0 0 222 82 0 231 181 0 189 239 0 90 247 0 0 255 123 0 255 255 0 255 255 0 123 247 0 132 255 0 255 255 0 173
frame 4 0 0 0 107 222 0 0 214 0 0 222 82 0 231 181 0 189 239 0 90 247 0 0 255 123 0 255 255 0 255 255 0 123 255 0 0 247 0 132 255 0 255 255 0 173
frame 4 0 0 0 0 214 0 0 222 82 0 231 181 0 189 239 0 90 247 0 0 255 123 0 255 255 0 255 255 0 123 255 0 0 255 0 0 247 0 132 255 0 255 255 0 173
frame 4 0 0 0 0 222 82 0 231 181 0 189 239 0 90 247 0 0 255 123 0 255 255 0 255 255 0 123 255 0 0 255 0 0 247 115 0 247 0 132 255 0 255 255 0 173
frame 4 0 0 0 0 231 181 0 189 239 0 90 247 0 0 255 123 0 255 255 0 255 255 0 123 255 0 0 255 0 0 247 115 0 239 239 0 247 0 132 255 0 255 255 0 173
frame 4 0 0 0 0 189 239 0 90 247 0 0 255 123 0 255 255 0 255 255 0 123 255 0 0 255 0 0 247 115 0 239 239 0 107 222 0 247 0 132 255 0 255 255 0 173
frame 4 0 0 0 0 90 247 0 0 255 123 0 255 255 0 255 255 0 123 255 0 0 255 0 0 247 115 0 239 239 0 107 222 0 0 214 0 247 0 132 255 0 255 255 0 173
frame 4 0 0 0 0 0 255 123 0 255 255 0 255 255 0 123 255 0 0 255 0 0 247 115 0 239 239 0 107 222 0 0 214 0 0 222 82 247 0 132 255 0 255 255 0 173
frame 4 0 0 0 123 0 255 255 0 255 255 0 123 255 0 0 255 0 0 247 115 0 239 239 0 107 222 0 0 214 0 0 222 82 0 231 181 247 0 132 255 0 255 255 0 173
frame 4 0 0 0 255 0 255 255 0 123 255 0 0 255 0 0 247 115 0 239 239 0 107 222 0 0 214 0 0 222 82 0 231 181 0 189 239 247 0 132 255 0 255 255 0 173
frame 4 0 0 0 255 0 123 255 0 0 255 0 0 247 115 0 239 239 0 107 222 0 0 214 0 0 222 82 0 231 181 0 189 239 0 90 247 247 0 132 255 0 255 255 0 173
frame 4 0 0 0 255 0 0 255 0 0 247 115 0 239 239 0 107 222 0 0 214 0 0 222 82 0 231 181 0 189 239 0 90 247 0 0 255 247 0 132 255 0 255 255 0 173
frame 4 0 0 0 255 0 0 247 115 0 239 239 0 107 222 0 0 214 0 0 222 82 0 231 181 0 189 239 0 90 247 0 0 255 123 0 255 247 0 132 255 0 255 255 0 173
frame 4 0 0 0 247 115 0 239 239 0 107 222 0 0 214 0 0 222 82 0 231 181 0 189 239 0 90 247 0 0 255 123 0 255 255 0 255 247 0 132 255 0 255 255 0 173
frame 4 0 0 0 239 239 0 107 222 0 0 214 0 0 222 82 0 231 181 0 189 239 0 90 247 0 0 255 123 0 255 255 0 255 255 0 123 247 0 132 255 0 255 255 0 173
frame 4 0 0 0 107 222 0 0 214 0 0 222 82 0 231 181 0 189 239 0 90 247 0 0 255 123 0 255 255 0 255 255 0 123 255 0 0 247 0 132 255 0 255 255 0 173
frame 4 0 0 0 0 214 0 0 222 82 0 231 181 0 189 239 0 90 247 0 0 255 123 0 255 255 0 255 255 0 123 255 0 0 255 0 0 247 0 132 255 0 255 255 0 173
frame 4 0 0 0 0 222 82 0 231 181 0 189 239 0 90 247 0 0 255 123 0 255 255 0 255 255 0 123 255 0 0 255 0 0 247 115 0 247 0 132 255 0 255 255 0 173
frame 4 0 0 0 0 231 181 0 189 239 0 90 247 0 0 255 123 0 255 255 0 255 255 0 123 255 0 0 255 0 0 247 115 0 239 239 0 247 0 132 255 0 255 255 0 173
frame 4 0 0 0 0 189 239 0 90 247 0 0 255 123 0 255 255 0 255 255 0 123 255 0 0 255 0 0 247 115 0 239 239 0 107 222 0 247 0 132 255 0 255 255 0 173
